,type,latitud,longitud
0,Starbucks,37.44906199059313,-122.12317538358953
1,Starbucks,37.46012496948242,-122.13626098632812
2,Starbucks,37.44792674632164,-122.12630178475123
3,Starbucks,37.42734576944133,-122.14922020282911
4,Starbucks,37.46154538,-122.1371958
5,Starbucks,37.4255460233703,-122.1709934352358
6,Starbucks,37.44371342096261,-122.17185356460531
7,Starbucks,37.41733325,-122.1306043
8,Starbucks,37.446737,-122.1604894
9,Starbucks,37.431209564208984,-122.0978012084961
10,Starbucks,37.40575274732065,-122.14058285599812
11,Starbucks,37.41468048095703,-122.14572143554688
12,Starbucks,37.450475,-122.179198
13,Starbucks,37.426797,-122.144019
14,Starbucks,37.41310960112733,-122.12524984373297
15,Starbucks,37.42349466188951,-122.19778737875231
16,Starbucks,37.41145353347029,-122.09427251055227
17,Starbucks,37.42438187,-122.1709577
18,Starbucks,37.39895142074493,-122.10710744366322
19,Starbucks,37.41987991333008,-122.20551300048828
20,Starbucks,37.42181415384233,-122.09640306829384
21,Starbucks Drive Thru,37.417393,-122.130569
22,Starbucks,37.4802137811128,-122.15117406704665
23,Starbucks,37.452206,-122.18388
24,Starbucks,37.401779,-122.111795
25,Starbucks (at Safeway),37.45061492919922,-122.17884063720703
26,Starbucks,37.41978440819263,-122.20278604788922
27,Starbucks,37.478631,-122.186017
28,Starbucks,37.43152889,-122.2018663
29,Starbucks,37.40305073254841,-122.07915399458828
30,Starbucks,37.39088345723268,-122.09471869224136
31,Starbucks,37.46635,-122.224434
32,Starbucks,37.415778,-122.077594
33,Starbucks,37.378519,-122.116722
34,Starbucks,37.387505,-122.08306
35,Starbucks Reserve,37.48627307650967,-122.23004023183606
36,Starbucks,37.372285999999995,-122.08819
37,Starbucks,37.474094,-122.21832
38,Starbucks,37.378855914227906,-122.0707761870091
39,Starbucks,37.372784,-122.058107
40,Starbucks,37.47721655,-122.2234836
41,Starbucks,37.373154,-122.08783
42,Starbucks,37.48515386,-122.2311172
43,Starbucks,37.372111429783494,-122.04872254647059
44,Starbucks,37.49050432,-122.2250751
45,Starbucks,37.388355,-122.030365
46,Starbucks,37.50218951,-122.246397
47,Starbucks,37.374038256808525,-122.03261375427246
48,Starbucks,37.33714186052085,-122.06674559230184
